BMG2519Y1084,BAP       ,000000001,0000000000005879,0000000000006667,0000000000012546,0000000000000000
BMG2519Y1084,BAP       ,000000019,0000000000013578,0000000000014272,0000000000027850,0000000000000000
BMG2519Y1084,BAP       ,000000029,0000000000000029,0000000000000042,0000000000000071,0000000000000000
BMG2519Y1084,BAP       ,000000047,0000000000000000,0000000000000175,0000000000000175,0000000000000000
BMG2519Y1084,BAP       ,000000069,0000000000001331,0000000000001035,0000000000002366,0000000000420000
BMG2519Y1084,BAP       ,000000091,0000000000000066,0000000000000046,0000000000000112,0000000000000000
BMG2519Y1084,BAP       ,000000112,0000000000000000,0000000000000014,0000000000000014,0000000000000000
BMG2519Y1084,BAP       ,000000113,0000000000000000,0000000000000100,0000000000000100,0000000000000000
CA4436281022,HBM       ,000000047,0000000000000000,0000000000000730,0000000000000730,0000000000000000
CA4436281022,HBM       ,000000110,0000000000010150,0000000000006250,0000000000016400,0000000000010000
CA69863Q1037,PML       ,000000013,0000000000914740,0000000000000000,0000000000914740,0000000000097077
CA69863Q1037,PML       ,000000091,0000000000667999,0000000000000000,0000000000667999,0000000000000000
CA82639W1068,SMT       ,000000019,0000000000084689,0000000000000000,0000000000084689,0000000001600000
CA89531J7868,TV        ,000000001,0000000000000000,0000000000010361,0000000000010361,0000000000000000
CA89531J7868,TV        ,000000019,0000000000280609,0000000000469890,0000000000750499,0000000005510000
CA89531J7868,TV        ,000000029,0000000000059850,0000000000065330,0000000000125180,0000000001483224
CA89531J7868,TV        ,000000047,0000000000000000,0000000000028900,0000000000028900,0000000000000000
CA89531J7868,TV        ,000000091,0000000000000000,0000000000003763,0000000000003763,0000000000000000
CA89531J7868,TV        ,000000110,0000000000008135,0000000000015800,0000000000023935,0000000000152000
PAL1801171A1,INRETC1   ,000000029,0000000000000000,0000000000000099,0000000000000099,0000000000000000
PAL1801171A1,INRETC1   ,000000079,0000000000000320,0000000000000115,0000000000000435,0000000000000000
PAL2400671A3,IFS       ,000000001,0000000000000830,0000000000003476,0000000000004306,0000000000231289
PAL2400671A3,IFS       ,000000029,0000000000000371,0000000000000000,0000000000000371,0000000000000000
PAL2400671A3,IFS       ,000000112,0000000000000000,0000000000000133,0000000000000133,0000000000000000
PEP116001004,BBVAC1    ,000000001,0000000001578320,0000000000853804,0000000002432124,0000000000802518
PEP116001004,BBVAC1    ,000000013,0000000000006801,0000000000011900,0000000000018701,0000000000000000
PEP116001004,BBVAC1    ,000000019,0000000000076224,0000000001114498,0000000001190722,0000000000000000
PEP116001004,BBVAC1    ,000000029,0000000000052097,0000000000054134,0000000000106231,0000000000000000
PEP116001004,BBVAC1    ,000000047,0000000000002640,0000000000018960,0000000000021600,0000000000000000
PEP116001004,BBVAC1    ,000000069,0000000000043000,0000000000032000,0000000000075000,0000000000000000
PEP116001004,BBVAC1    ,000000091,0000000000014031,0000000000009568,0000000000023599,0000000000000000
PEP116001004,BBVAC1    ,000000094,0000000000037211,0000000000052616,0000000000089827,0000000000000000
PEP120001008,CREDITC1  ,000000001,0000000000559186,0000000000769311,0000000001328497,0000000000000000
PEP120001008,CREDITC1  ,000000013,0000000000039776,0000000000028913,0000000000068689,0000000000000000
PEP120001008,CREDITC1  ,000000019,0000000000043501,0000000000037000,0000000000080501,0000000000000000
PEP120001008,CREDITC1  ,000000029,0000000000000000,0000000000000245,0000000000000245,0000000000000000
PEP120001008,CREDITC1  ,000000047,0000000000000000,0000000000521000,0000000000521000,0000000000000000
PEP120001008,CREDITC1  ,000000091,0000000000002004,0000000000001865,0000000000003869,0000000000000000
PEP120001008,CREDITC1  ,000000113,0000000000076578,0000000000000000,0000000000076578,0000000000000000
PEP140001004,SCOTIAC1  ,000000079,0000000000003796,0000000000006570,0000000000010366,0000000000000000
PEP206015005,CORAREI1  ,000000001,0000000000534212,0000000000321046,0000000000855258,0000000000000000
PEP206015005,CORAREI1  ,000000013,0000000000018117,0000000000020303,0000000000038420,0000000000000000
PEP206015005,CORAREI1  ,000000019,0000000000155557,0000000000132000,0000000000287557,0000000000000000
PEP206015005,CORAREI1  ,000000029,0000000000028405,0000000000268000,0000000000296405,0000000000000000
PEP206015005,CORAREI1  ,000000047,0000000000092000,0000000000059728,0000000000151728,0000000000000000
PEP206015005,CORAREI1  ,000000091,0000000000539356,0000000000294495,0000000000833851,0000000002869620
PEP206015005,CORAREI1  ,000000094,0000000000143800,0000000000009300,0000000000153100,0000000000000000
PEP206015005,CORAREI1  ,000000110,0000000000015200,0000000000006700,0000000000021900,0000000000000000
PEP214001005,ALICORC1  ,000000001,0000000000249207,0000000000288127,0000000000537334,0000000000099304
PEP214001005,ALICORC1  ,000000013,0000000000001278,0000000000005582,0000000000006860,0000000000000000
PEP214001005,ALICORC1  ,000000019,0000000000006260,0000000000008000,0000000000014260,0000000000000000
PEP214001005,ALICORC1  ,000000029,0000000000002058,0000000000003542,0000000000005600,0000000000000000
PEP214001005,ALICORC1  ,000000094,0000000000001983,0000000000001820,0000000000003803,0000000000000000
PEP214001005,ALICORC1  ,000000112,0000000000000000,0000000000000670,0000000000000670,0000000000000000
PEP214001005,ALICORC1  ,000000113,0000000000045867,0000000000030499,0000000000076366,0000000000000000
PEP218025000,BACKUSI1  ,000000001,0000000000008060,0000000000009049,0000000000017109,0000000000000000
PEP218025000,BACKUSI1  ,000000013,0000000000009775,0000000000007818,0000000000017593,0000000000000000
PEP218025000,BACKUSI1  ,000000091,0000000000000000,0000000000001581,0000000000001581,0000000000000000
PEP218025000,BACKUSI1  ,000000113,0000000000002352,0000000000001148,0000000000003500,0000000000000000
PEP239001006,UNACEMC1  ,000000013,0000000000000000,0000000000003590,0000000000003590,0000000000000000
PEP239001006,UNACEMC1  ,000000019,0000000000200788,0000000000000000,0000000000200788,0000000000000000
PEP239001006,UNACEMC1  ,000000029,0000000000011537,0000000000000000,0000000000011537,0000000000000000
PEP239001006,UNACEMC1  ,000000047,0000000000011959,0000000000020701,0000000000032660,0000000000000000
PEP239001006,UNACEMC1  ,000000094,0000000000000000,0000000000003500,0000000000003500,0000000000000000
PEP239001006,UNACEMC1  ,000000113,0000000000091834,0000000000053044,0000000000144878,0000000000000000
PEP239501005,CPACASC1  ,000000001,0000000000019287,0000000000078665,0000000000097952,0000000000000000
PEP239501005,CPACASC1  ,000000029,0000000000001200,0000000000000300,0000000000001500,0000000000027860
PEP239501005,CPACASC1  ,000000047,0000000000000827,0000000000009066,0000000000009893,0000000000000000
PEP239501005,CPACASC1  ,000000067,0000000000000000,0000000000013000,0000000000013000,0000000000000000
PEP239501005,CPACASC1  ,000000069,0000000000020000,0000000000030000,0000000000050000,0000000000000000
PEP239501005,CPACASC1  ,000000079,0000000000005400,0000000000002704,0000000000008104,0000000000000000
PEP239501005,CPACASC1  ,000000094,0000000000000000,0000000000008654,0000000000008654,0000000000000000
PEP239501005,CPACASC1  ,000000110,0000000000022832,0000000000019390,0000000000042222,0000000000090000
PEP531001001,SIDERC1   ,000000013,0000000000000000,0000000000083000,0000000000083000,0000000000000000
PEP531001001,SIDERC1   ,000000019,0000000004314154,0000000003018000,0000000007332154,0000000000000000
PEP531001001,SIDERC1   ,000000029,0000000000165016,0000000000044258,0000000000209274,0000000000000000
PEP531001001,SIDERC1   ,000000047,0000000000000000,0000000000054060,0000000000054060,0000000000000000
PEP531001001,SIDERC1   ,000000112,0000000000000000,0000000000002250,0000000000002250,0000000000000000
PEP608004201,ATACOBC1  ,000000013,0000000000000000,0000000000086170,0000000000086170,0000000000000000
PEP608004201,ATACOBC1  ,000000019,0000000000000000,0000000000095000,0000000000095000,0000000000000000
PEP608004201,ATACOBC1  ,000000029,0000000000414770,0000000000185230,0000000000600000,0000000000000000
PEP616305004,MINCORI1  ,000000019,0000000000030029,0000000000115634,0000000000145663,0000000000000000
PEP616305004,MINCORI1  ,000000047,0000000000003125,0000000000005300,0000000000008425,0000000000000000
PEP616305004,MINCORI1  ,000000079,0000000000000000,0000000000001472,0000000000001472,0000000000000000
PEP616305004,MINCORI1  ,000000091,0000000000000000,0000000000001000,0000000000001000,0000000000000000
PEP617001008,BROCALC1  ,000000013,0000000000003997,0000000000000000,0000000000003997,0000000000000000
PEP622005002,MINSURI1  ,000000001,0000000000020000,0000000000000000,0000000000020000,0000000000000000
PEP622005002,MINSURI1  ,000000013,0000000000026942,0000000000062442,0000000000089384,0000000000000000
PEP622005002,MINSURI1  ,000000019,0000000001066354,0000000001586943,0000000002653297,0000000000000000
PEP622005002,MINSURI1  ,000000029,0000000000082926,0000000000038198,0000000000121124,0000000000000000
PEP622005002,MINSURI1  ,000000047,0000000000082473,0000000000018978,0000000000101451,0000000000000000
PEP622005002,MINSURI1  ,000000067,0000000000005817,0000000000004000,0000000000009817,0000000000000000
PEP622005002,MINSURI1  ,000000069,0000000000000000,0000000000074700,0000000000074700,0000000000000000
PEP622005002,MINSURI1  ,000000085,0000000000003650,0000000000001400,0000000000005050,0000000000000000
PEP622005002,MINSURI1  ,000000091,0000000000063175,0000000000025826,0000000000089001,0000000000000000
PEP622005002,MINSURI1  ,000000094,0000000000007381,0000000000004919,0000000000012300,0000000000000000
PEP622005002,MINSURI1  ,000000112,0000000000008811,0000000000011525,0000000000020336,0000000000000000
PEP624005000,MOROCOI1  ,000000013,0000000000010000,0000000000000000,0000000000010000,0000000000000000
PEP646501002,CVERDEC1  ,000000001,0000000000000523,0000000000000689,0000000000001212,0000000000189100
PEP646501002,CVERDEC1  ,000000013,0000000000000729,0000000000000526,0000000000001255,0000000000000000
PEP646501002,CVERDEC1  ,000000019,0000000000004717,0000000000005510,0000000000010227,0000000000000000
PEP646501002,CVERDEC1  ,000000029,0000000000000000,0000000000000102,0000000000000102,0000000000000000
PEP646501002,CVERDEC1  ,000000047,0000000000000621,0000000000001068,0000000000001689,0000000000000000
PEP646501002,CVERDEC1  ,000000091,0000000000000322,0000000000001147,0000000000001469,0000000000103150
PEP646501002,CVERDEC1  ,000000094,0000000000001115,0000000000001730,0000000000002845,0000000000000000
PEP646501002,CVERDEC1  ,000000110,0000000000001660,0000000000000340,0000000000002000,0000000000000000
PEP648014202,VOLCABC1  ,000000001,0000000000572600,0000000002275891,0000000002848491,0000000000071662
PEP648014202,VOLCABC1  ,000000013,0000000000420888,0000000000411657,0000000000832545,0000000000000000
PEP648014202,VOLCABC1  ,000000019,0000000001211491,0000000001623984,0000000002835475,0000000000000000
PEP648014202,VOLCABC1  ,000000029,0000000000094020,0000000000209500,0000000000303520,0000000000000000
PEP648014202,VOLCABC1  ,000000047,0000000001693000,0000000000380589,0000000002073589,0000000000000000
PEP648014202,VOLCABC1  ,000000067,0000000000115370,0000000000009000,0000000000124370,0000000000000000
PEP648014202,VOLCABC1  ,000000069,0000000000000000,0000000000100000,0000000000100000,0000000000000000
PEP648014202,VOLCABC1  ,000000079,0000000000838174,0000000000422000,0000000001260174,0000000000000000
PEP648014202,VOLCABC1  ,000000091,0000000000858253,0000000000577075,0000000001435328,0000000002373209
PEP648014202,VOLCABC1  ,000000094,0000000000478412,0000000000491366,0000000000969778,0000000000063734
PEP648014202,VOLCABC1  ,000000108,0000000002310005,0000000001551253,0000000003861258,0000000000000000
PEP648014202,VOLCABC1  ,000000110,0000000000337467,0000000000246700,0000000000584167,0000000001079561
PEP648014202,VOLCABC1  ,000000112,0000000000045157,0000000000026128,0000000000071285,0000000000000000
PEP648014202,VOLCABC1  ,000000113,0000000000610441,0000000000459700,0000000001070141,0000000002333184
PEP700511004,ENGEPEC1  ,000000001,0000000000000000,0000000000002110,0000000000002110,0000000000000000
PEP700511004,ENGEPEC1  ,000000029,0000000000004983,0000000000000000,0000000000004983,0000000000000000
PEP700511004,ENGEPEC1  ,000000091,0000000000015000,0000000000000000,0000000000015000,0000000000109563
PEP701011004,ENDISPC1  ,000000019,0000000000005175,0000000000000000,0000000000005175,0000000000000000
PEP701011004,ENDISPC1  ,000000069,0000000000000000,0000000000014612,0000000000014612,0000000000000000
PEP701011004,ENDISPC1  ,000000079,0000000000002950,0000000000002960,0000000000005910,0000000000000000
PEP701011004,ENDISPC1  ,000000091,0000000000018702,0000000000010000,0000000000028702,0000000000000000
PEP702001A04,HIDRA2C1  ,000000013,0000000000002158,0000000000007842,0000000000010000,0000000000000000
PEP702001A04,HIDRA2C1  ,000000019,0000000002000000,0000000000000000,0000000002000000,0000000000000000
PEP702001A04,HIDRA2C1  ,000000029,0000000000259080,0000000000244425,0000000000503505,0000000000005358
PEP702101002,ENGIEC1   ,000000019,0000000000005574,0000000000004000,0000000000009574,0000000000000000
PEP702521001,LUSURC1   ,000000001,0000000000000000,0000000000002000,0000000000002000,0000000000000000
PEP702521001,LUSURC1   ,000000091,0000000000001014,0000000000002100,0000000000003114,0000000000000000
PEP702521001,LUSURC1   ,000000110,0000000000000000,0000000000005000,0000000000005000,0000000000000000
PEP702521001,LUSURC1   ,000000113,0000000000008723,0000000000000000,0000000000008723,0000000000000000
PEP736001004,FERREYC1  ,000000001,0000000000018298,0000000000074000,0000000000092298,0000000000000000
PEP736001004,FERREYC1  ,000000013,0000000000000000,0000000000004500,0000000000004500,0000000000000000
PEP736001004,FERREYC1  ,000000019,0000000001429307,0000000001020000,0000000002449307,0000000000000000
PEP736001004,FERREYC1  ,000000029,0000000000015300,0000000000034500,0000000000049800,0000000000000000
PEP736001004,FERREYC1  ,000000047,0000000000263470,0000000000282350,0000000000545820,0000000000000000
PEP736001004,FERREYC1  ,000000067,0000000000061284,0000000000079000,0000000000140284,0000000000000000
PEP736001004,FERREYC1  ,000000091,0000000000513933,0000000000378075,0000000000892008,0000000000000000
PEP736001004,FERREYC1  ,000000094,0000000000282793,0000000000163363,0000000000446156,0000000000000000
PEP736001004,FERREYC1  ,000000110,0000000000071260,0000000000045170,0000000000116430,0000000000000000
PEP736001004,FERREYC1  ,000000113,0000000000067103,0000000000046300,0000000000113403,0000000000000000
PEP736581005,AENZAC1   ,000000029,0000000000000000,0000000000003000,0000000000003000,0000000000000000
PEP736581005,AENZAC1   ,000000091,0000000000000000,0000000000145400,0000000000145400,0000000000000000
PEP736581005,AENZAC1   ,000000094,0000000000000000,0000000000026618,0000000000026618,0000000000000000
PEP736581005,AENZAC1   ,000000113,0000000000000000,0000000000001500,0000000000001500,0000000000000000
PEP771461006,CASAGRC1  ,000000013,0000000000040543,0000000000067215,0000000000107758,0000000000000000
PEP771461006,CASAGRC1  ,000000029,0000000000015761,0000000000025000,0000000000040761,0000000000000000
PEP771461006,CASAGRC1  ,000000047,0000000000052583,0000000000103670,0000000000156253,0000000001807725
PEP771461006,CASAGRC1  ,000000091,0000000000000000,0000000000006791,0000000000006791,0000000000000000
PEP771461006,CASAGRC1  ,000000110,0000000000118902,0000000000000000,0000000000118902,0000000012406108
PEP900001103,GBVLAC1   ,000000013,0000000001504220,0000000001019200,0000000002523420,0000000000000000
PEP900001103,GBVLAC1   ,000000079,0000000000026100,0000000000012840,0000000000038940,0000000000000000
PEP900001103,GBVLAC1   ,000000110,0000000008005157,0000000004899337,0000000012904494,0000000020190377
US0231351067,AMZN      ,000000001,0000000000000000,0000000000000014,0000000000000014,0000000000000000
US0378331005,AAPL      ,000000001,0000000000000306,0000000000000373,0000000000000679,0000000000000000
US0378331005,AAPL      ,000000113,0000000000000000,0000000000000025,0000000000000025,0000000000000000
US0970231058,BA        ,000000001,0000000000000000,0000000000000020,0000000000000020,0000000000000000
US1729674242,C         ,000000001,0000000000000000,0000000000000229,0000000000000229,0000000000000000
US2044481040,BVN       ,000000001,0000000000011489,0000000000013425,0000000000024914,0000000000785298
US2044481040,BVN       ,000000013,0000000000000831,0000000000003660,0000000000004491,0000000000000000
US2044481040,BVN       ,000000019,0000000000019185,0000000000014466,0000000000033651,0000000000000000
US2044481040,BVN       ,000000029,0000000000007189,0000000000003617,0000000000010806,0000000000116437
US2044481040,BVN       ,000000047,0000000000000000,0000000000001394,0000000000001394,0000000000000000
US2044481040,BVN       ,000000079,0000000000000207,0000000000000236,0000000000000443,0000000000054300
US2044481040,BVN       ,000000091,0000000000000000,0000000000001000,0000000000001000,0000000000000000
US2044481040,BVN       ,000000094,0000000000001808,0000000000000927,0000000000002735,0000000000000000
US2044481040,BVN       ,000000112,0000000000000000,0000000000000115,0000000000000115,0000000000000000
US2044481040,BVN       ,000000113,0000000000049110,0000000000072892,0000000000122002,0000000000200000
US2546871060,DIS       ,000000001,0000000000000000,0000000000000030,0000000000000030,0000000000000000
US30303M1027,FB        ,000000001,0000000000000210,0000000000000037,0000000000000247,0000000000000000
US30303M1027,FB        ,000000029,0000000000000000,0000000000000015,0000000000000015,0000000000000000
US30303M1027,FB        ,000000079,0000000000000054,0000000000000059,0000000000000113,0000000000110000
US30303M1027,FB        ,000000112,0000000000000030,0000000000000029,0000000000000059,0000000000000000
US30303M1027,FB        ,000000113,0000000000000000,0000000000000066,0000000000000066,0000000000000000
US5949181045,MSFT      ,000000019,0000000000000051,0000000000000050,0000000000000101,0000000000000000
US70450Y1038,PYPL      ,000000001,0000000000000000,0000000000000100,0000000000000100,0000000000000000
US70450Y1038,PYPL      ,000000029,0000000000000000,0000000000000023,0000000000000023,0000000000000000
US7170811035,PFE       ,000000019,0000000000000164,0000000000000000,0000000000000164,0000000000000000
US78462F1030,SPY       ,000000001,0000000000000010,0000000000000000,0000000000000010,0000000000035066
US84265V1052,SCCO      ,000000001,0000000000000111,0000000000000162,0000000000000273,0000000000000000
US84265V1052,SCCO      ,000000019,0000000000000473,0000000000000400,0000000000000873,0000000000000000
US88160R1014,TSLA      ,000000001,0000000000000000,0000000000000011,0000000000000011,0000000000000000
